0.7854645036020418
0.5140297442533314
0.01660638627947386
0.07907879040800003
0.6422717362860015
0.5486243956758852
0.7911625360498851
0.7051363195226358
0.48942902989048875
0.5973218264045488
0.7347565946819619
0.9566160940311118
0.7772643135980242
0.8599180744055777
0.4884597550468285
0.6562247440063527
0.36282883456952175
0.9596406634518166
0.2535893110820946
0.7819652528493117
0.4269281371870304
0.5184755364224982
0.2255286000981367
0.2850408883775206
0.37584968393901763
0.9483688092679046
0.3335478248765731
0.39965033777502557
0.6323581410871395
0.14143893721585254
0.844028972502044
0.9251726459820757
0.8465067601178486
0.9698747266538794
0.7761003273744564
0.5794059142140726
0.4640395934889837
0.7649831776305086
0.7515369952269627
0.6709367315311323
0.7786353098945173
0.23489023592386693
0.8548856782016021
0.01938213025498292
0.563970997736225
0.6016868273995165
0.3151237293366085
0.26415924199682606
0.1325597063084304
0.09135144487519764
0.3367637317550525
0.44560255673422566
0.20054322153347448
0.29356953576541145
0.20616646198923538
0.01666213015267437
0.2510968789549136
0.32360934012012244
0.8779269294151428
0.24908067323749838
0.1838312667067783
0.1647023121948057
0.6065493853401122
0.3348612110097695
0.9135504899648809
0.04691617877708543
0.830229017582211
0.35200109153761805
0.23895497637383845
0.22729666158471207
0.4364095655296678
0.6628823682066944
0.7403520724225778
0.07609404676225584
0.7428873960800103
0.24437226734593698
0.6851647267866859
0.9451790687238137
0.013584670909149166
0.9106020946945413
0.921005441117087
0.8972918344380176
0.0947151730595418
0.38255639699704913
0.5183084528580361
0.008556987770477531
0.8049184555437663
0.6830185653883435
0.4879905253357929
0.6217367052864711
0.04203928938437573
0.39108321269080815
0.24433644951481526
0.6239825856415633
0.17958062360736127
0.8773594729838465
0.6092828814414261
0.550386643640775
0.21746095999453452
0.759153559175938
